9 7 14 6 9 9 10 14 11 13 8 10 9 7 9 11 8 2 5 9 11 3 9 16 9 11 9 6 10 7
11 9 12 8 2 6 10 11 5 10 12 4 12 8 8 9 1 6 7 2 9 7 10 9 11 10 12 8 10 8
6 10 10 11 6 8 7 19 13 12 12 8 13 7 7 15 10 8 9 12 9 7 3 5 10 9 10 10 5 8
3 1 13 9 3 7 7 12 6 8 11 5 12 1 7 10 2 5 8 3 9 6 3 10 7 9 10 9 5 8
16 14 10 15 13 9 11 18 16 13 17 7 12 11 6 15 15 9 10 16 13 14 13 13 9 8 14 11 9 13
12 10 16 9 6 5 7 11 9 4 8 7 6 7 6 7 11 4 9 12 9 5 7 13 9 7 8 4 5 4
7 5 12 4 2 8 5 16 10 12 15 6 8 5 8 11 6 8 9 7 4 10 7 12 10 7 14 10 9 12
5 3 14 2 5 5 8 13 7 9 13 3 6 3 9 9 4 5 1 5 7 8 5 9 7 11 4 2 7 9
9 7 12 8 9 11 7 6 12 14 14 9 7 7 9 4 8 11 7 9 6 11 9 11 12 11 10 8 5 8
8 6 12 5 2 1 3 7 9 5 6 6 7 3 5 3 7 5 5 8 5 1 3 10 7 3 6 5 1 5
11 7 9 8 6 6 4 10 9 5 11 7 1 3 6 4 8 5 6 9 6 6 5 11 1 8 1 4 2 2
11 10 11 11 7 2 9 13 9 6 10 9 8 9 8 9 11 2 3 12 9 7 9 6 9 9 8 4 7 6
10 6 15 7 5 8 3 14 8 9 13 6 9 2 5 3 7 8 5 8 5 8 4 10 8 7 6 6 1 8
13 9 14 10 7 7 6 12 6 7 11 7 12 6 6 10 6 9 8 11 8 6 2 13 6 8 9 9 4 7
12 11 11 12 8 3 9 12 10 7 11 1 6 8 9 9 12 3 4 13 10 8 10 7 3 2 9 5 7 7
14 4 12 11 6 10 11 15 9 14 10 8 11 11 12 13 5 10 4 6 10 7 13 7 10 14 9 5 12 11
13 11 11 10 1 6 11 10 4 10 11 4 11 7 7 8 12 6 7 13 10 6 9 8 10 9 12 8 9 10
13 15 21 14 13 7 14 12 14 11 15 11 13 8 10 14 14 11 13 17 16 12 10 17 13 11 15 11 12 11
14 7 14 11 9 11 7 12 6 10 16 11 10 7 13 10 8 13 13 9 6 11 9 16 6 13 5 1 11 14
9 7 13 6 9 4 8 15 11 8 12 2 10 7 7 11 8 4 5 9 7 9 9 8 10 9 10 6 9 8
8 1 13 5 3 7 1 12 6 10 13 5 4 6 9 7 2 7 8 3 5 8 8 10 6 8 10 9 5 9
7 5 14 4 7 9 9 15 10 10 5 7 6 5 6 9 6 7 10 7 9 10 7 13 6 8 6 9 7 4
11 7 15 8 6 5 4 16 10 9 9 5 10 4 4 12 7 7 6 9 6 4 6 11 7 6 7 7 2 5
11 8 5 12 1 10 8 19 13 14 17 8 11 12 7 14 9 10 11 10 7 12 8 10 10 9 15 12 10 13
12 10 8 9 6 5 7 9 8 4 10 10 11 7 9 7 11 8 9 12 9 5 7 13 2 7 7 3 5 9
13 11 17 10 7 1 8 12 10 5 9 8 7 8 7 8 12 5 10 13 10 6 8 12 10 8 9 5 6 5
18 16 20 15 17 12 15 21 19 16 20 10 12 14 9 15 17 12 13 9 16 17 16 16 12 11 18 14 13 16
14 12 13 13 11 10 12 11 5 9 15 14 12 12 13 9 13 13 12 13 11 10 12 16 5 12 4 4 10 13
9 5 14 6 4 7 2 14 8 9 12 5 8 2 4 11 6 7 4 7 4 7 4 11 7 6 5 5 4 9
9 6 14 6 8 10 6 15 11 10 11 10 9 7 11 12 7 3 13 8 5 6 9 11 6 13 12 9 10 10

Execution Time:      0.249 milliseconds.
